A=[1:3;4:6;7:9];
B=[4:6;1:3;7:9];
P=B/A;